function [Vertex, Face] = MeshGeneration1()

Vertex = [0 0 0;0.1 0 0;0 0.1 0;0.1 0.1 0;0 0.2 0;0.1 0.2 0;0 0.3 0;0.1 0.3 0];
Face = [1 2 4;1 4 3;3 4 6;3 6 5;5 6 8;5 8 7];

end